TRANSACTION_ID,TX_DATETIME,CUSTOMER_ID,TERMINAL_ID,TX_AMOUNT,TX_FRAUDULENT
0,2018-04-01,0,3,123.59,0
1,2018-04-01,0,3,46.51,0
2,2018-04-01,0,0,77.34,0
3,2018-04-02,0,2,32.35,1
4,2018-04-02,0,3,63.3,1
5,2018-04-02,0,3,13.59,1
6,2018-04-02,0,2,54.72,1
7,2018-04-02,0,3,51.89,1
8,2018-04-03,0,2,117.91,0
9,2018-04-03,0,1,67.72,0
10,2018-04-03,0,1,28.46,0
11,2018-04-03,0,2,50.25,0
12,2018-04-03,0,1,93.26,0
13,2018-04-04,0,0,46.4,0
14,2018-04-04,0,2,23.26,0
15,2018-04-05,0,1,71.96,0
16,2018-04-05,0,2,52.69,0
17,2018-04-01,1,1,36.12,0
18,2018-04-01,1,0,8.04,0
19,2018-04-02,1,2,13.08,1
20,2018-04-02,1,0,33.38,1
21,2018-04-02,1,3,55.26,1
22,2018-04-02,1,3,44.43,1
23,2018-04-03,1,3,68.94,0
24,2018-04-03,1,3,50.26,0
25,2018-04-03,1,1,43.98,0
26,2018-04-03,1,0,23.06,0
27,2018-04-03,1,3,61.85,0
28,2018-04-04,1,0,52.03,0
29,2018-04-04,1,3,63.85,0
30,2018-04-05,1,3,31.74,0
31,2018-04-05,1,0,95.48,0
32,2018-04-05,1,3,60.94,0
33,2018-04-01,2,1,146.0,0
34,2018-04-02,2,1,116.05,1
35,2018-04-02,2,1,23.12,1
36,2018-04-03,2,4,82.55,0
37,2018-04-04,2,1,80.58,0
38,2018-04-04,2,4,73.94,0
39,2018-04-04,2,4,40.56,0
40,2018-04-04,2,1,70.74,0
41,2018-04-05,2,1,74.06,0
42,2018-04-02,3,1,11.91,1
43,2018-04-03,3,1,11.41,0
44,2018-04-01,4,2,16.39,0
45,2018-04-01,4,3,102.55,0
46,2018-04-01,4,2,33.64,0
47,2018-04-01,4,3,75.45,0
48,2018-04-01,4,3,92.04,0
49,2018-04-01,4,2,92.78,0
50,2018-04-01,4,2,139.97,0
51,2018-04-02,4,2,31.22,1
52,2018-04-02,4,2,145.71,1
53,2018-04-03,4,3,157.26,0
54,2018-04-03,4,3,93.08,0
55,2018-04-03,4,2,111.46,0
56,2018-04-03,4,2,133.27,0
57,2018-04-04,4,3,73.77,0
58,2018-04-04,4,3,66.97,0
59,2018-04-05,4,2,86.1,0
60,2018-04-05,4,2,111.38,0
61,2018-04-05,4,3,80.36,0
62,2018-04-05,4,2,53.25,0
63,2018-04-05,4,2,36.44,0
64,2018-04-05,4,3,17.53,0
